233303439635211657422566285623275162047013610192703668804840965025500903361448678197140749205942587603944472576
1000000000000000000000000000000000000000000000000000000000000000000000000000000
8973209216738909900867934062433660078731292699719371877109267885596188590824949161428490354074714907844018176
510537620433483722170455966228587851543655706629459028055829988939246050911751772953373370168110770814976
19636062324364758545017537162637994290140604101133039540608845728432540419682760498206668083388875800576
6156119580207157310796674288400203776
29479510200013918864408576
141167095653376
5429503678976
208827064576
